ABCDEFGHIJKLMNOPQRSTUVWXYZabcdefghijklmnopqrstuvwxyz,.!
0 21
28 44
52 70
77 96
102 117
124 138
144 164
170 189
196 203
209 219
226 245
253 268
275 299
307 326
332 352
358 373
380 400
406 424
430 444
450 467
475 494
502 522
530 558
565 585
592 612
619 636
644 657
662 677
684 697
703 717
723 736
742 753
756 771
778 792
800 805
809 817
825 839
845 850
858 880
888 901
909 923
930 944
952 966
973 982
989 999
1006 1015
1022 1036
1042 1056
1063 1085
1092 1106
1112 1126
1132 1145
1151 1156
1164 1169
1180 1183
