ABCDEFGHIJKLMNOPQRSTUVWXYZabcdefghijklmnopqrstuvwxyz1234567890.,!
0 16
22 34
41 55
63 78
85 96
104 114
121 136
145 158
167 169
174 180
189 204
209 220
226 242
251 264
272 288
296 307
313 329
337 350
358 370
375 389
396 409
416 432
437 459
465 480
485 499
505 519
525 536
544 556
562 572
579 591
598 610
616 624
628 640
648 659
667 669
675 680
689 701
707 709
717 737
745 756
763 775
782 794
800 812
820 828
833 843
848 856
863 874
881 894
900 918
924 937
943 956
962 973
981 991
999 1011
1018 1030
1036 1049
1056 1067
1075 1087
1094 1105
1113 1125
1132 1144
1151 1163
1171 1173
1182 1185
1196 1197
